1, 2, 0, 1048576, 0.326282, 0.004675 
1, 2, 1, 1048576, 0.210149, 0.002754 
1, 2, 2, 1048576, 0.215802, 0.004473 
1, 2, 3, 1048576, 0.219827, 0.004410 
1, 2, 0, 16777216, 5.628313, 0.045430 
1, 2, 1, 16777216, 3.894190, 0.041099 
1, 2, 2, 16777216, 3.764461, 0.040734 
1, 2, 3, 16777216, 3.827665, 0.044712 
1, 2, 0, 65536, 0.027046, 0.002423 
1, 2, 1, 65536, 0.015376, 0.000466 
1, 2, 2, 65536, 0.021337, 0.000634 
1, 2, 3, 65536, 0.023356, 0.000606 
2, 2, 0, 1048576, 0.202600, 0.004099 
2, 2, 1, 1048576, 0.153866, 0.004471 
2, 2, 2, 1048576, 0.155346, 0.004510 
2, 2, 3, 1048576, 0.156457, 0.004308 
2, 2, 0, 16777216, 3.743638, 0.044872 
2, 2, 1, 16777216, 2.841226, 0.041949 
2, 2, 2, 16777216, 2.790947, 0.042214 
2, 2, 3, 16777216, 2.848553, 0.041014 
2, 2, 0, 65536, 0.023638, 0.002116 
2, 2, 1, 65536, 0.018319, 0.001233 
2, 2, 2, 65536, 0.012625, 0.001838 
2, 2, 3, 65536, 0.009877, 0.000769 
4, 2, 0, 1048576, 0.172897, 0.016100 
4, 2, 1, 1048576, 0.136750, 0.012970 
4, 2, 2, 1048576, 0.143279, 0.017793 
4, 2, 3, 1048576, 0.128474, 0.004761 
4, 2, 0, 16777216, 2.937013, 0.057229 
4, 2, 1, 16777216, 2.377061, 0.056269 
4, 2, 2, 16777216, 2.343895, 0.058881 
4, 2, 3, 16777216, 2.386428, 0.060668 
4, 2, 0, 65536, 0.017021, 0.007170 
4, 2, 1, 65536, 0.011667, 0.004588 
4, 2, 2, 65536, 0.013228, 0.006360 
4, 2, 3, 65536, 0.012597, 0.004712 
8, 2, 0, 1048576, 0.147527, 0.010016 
8, 2, 1, 1048576, 0.118318, 0.004660 
8, 2, 2, 1048576, 0.115690, 0.004711 
8, 2, 3, 1048576, 0.117303, 0.004448 
8, 2, 0, 16777216, 2.598494, 0.057328 
8, 2, 1, 16777216, 2.168690, 0.057912 
8, 2, 2, 16777216, 2.159090, 0.057143 
8, 2, 3, 16777216, 2.161663, 0.057677 
8, 2, 0, 65536, 0.011516, 0.002799 
8, 2, 1, 65536, 0.010002, 0.002681 
8, 2, 2, 65536, 0.008509, 0.001369 
8, 2, 3, 65536, 0.012311, 0.002492 
